872012
871994
871983
865855
868264
868219
868191
868176
868149
866025
866000
865975
865950
865927
865907
865838
864976
864900
864877
863034
862414
862394
862369
862349
862174
860399
860382
860351
860311
860294
860258
860241
860231
859245
859229
859218
859199
854625
851605
851554
851353
851117
851042
849194
849174
849108
848849
848834
848822
848816
848767
847512
847508
846275
846260
846217
846156
752485
752474
752465
752457
750074
750052
747376
744731
744715
742151
741417
741397
741392
740627
740610
739578
739560
739550
739178
739160
739136
739125
739111
727672
727670
727334
727326
727083
726968
726941
726930
726770
726746
726730
726727
726716
726712
726344
726330
726314
726289
726283
726274
726263
725027
725031
724999
724981
724965
724947
724854
724843
724826
724813
724272
724267
724222
724211
724200
724178
722973
722687
722683
722677
722644
722622
722593
722568
722544
722533
722483
722399
722378
713087
713083
713071
712616
712608
712599
712580
712556
712551
711983
711966
711957
711941
711927
711907
711902
709795
709793
709786
709775
709724
709710
709480
709322
709257
701986
701902
701858
701829
691580
691515
691472
691449
691432
691410
691355
691314
691302
691289
691275
691257
691215
691180
691161
691125
691114
691107
691073
689272
689224
689205
689175
689134
686844
686831
686808
686781
686769
686745
686729
686724
686700
686673
686650
686626
686602
686572
686547
686543
686535
686514
686482
686464
651652
657471
657471
657456
657456
657436
657436
657424
657424
657415
657415
657413
657413
657368
657368
657344
657344
656673
656673
656201
656201
656183
656183
656162
656162
656139
656139
656133
656133
656127
656127
656103
656103
656079
656079
654442
654442
653487
653487
653366
653366
652946
652946
652942
652942
652901
652901
651568
651568
651472
651472
651465
651465
651451
651451
651416
651416
651396
651396
651386
651386
650411
650409
650409
650391
650391
650384
650384
650374
650374
650361
650361
650346
650346
650337
650337
650333
650333
650324
650324
650306
650306
650271
650271
650227
650227
650181
650181
650140
650140
649571
649571
649525
649525
649463
649463
648427
648427
648391
648391
648294
648294
648259
648259
648255
648255
648203
648203
647878
647878
647762
647762
647713
647713
647708
647708
647701
647701
647699
647699
647513
647513
646452
646452
646399
646399
646324
646324
646287
646287
646097
646097
645754
645754
644668
644668
644629
644629
644570
644570
644518
644518
644517
644517
644458
644458
644347
644347
643568
643568
643478
643478
643467
643467
643362
643362
642508
642508
642460
642460
641979
641979
641848
641848
641817
641817
641821
641821
638716
638716
638162
638140
638140
638119
638119
638116
638116
638074
638039
638039
635731
635731
635692
635692
632913
632913
632551
632551
630302
630302
630224
630224
630214
630214
630123
630123
630036
630036
630037
630037
630032
630032
630026
630026
